0.365401844734 0.778784495756 0.352453765657 0.247728954511 0.174151228025 0.553539240945 0.938968016105 0.047316756216 0.070444270717 0.647236857793
0.881271631078 0.678326965718 0.265729320061 0.218407784698 0.106294245887 0.421227768557 0.891666488487 0.716430286097 0.946078505507 0.796104151897
0.241220754332 0.047670245318 0.506247144473 0.373921237417 0.810526300717 0.900528774042 0.932886496973 0.008650316679 0.385196331215 0.472616805864
0.587346938838 0.406534054337 0.172582628206 0.277406806151 0.393570557913 0.207989040607 0.272717399982 0.781061458676 0.164430117097 0.255395861060
0.960710035091 0.113487584832 0.108499913336 0.897622878533 0.977251245358 0.236165711381 0.237278563156 0.458360871789 0.576874068062 0.379810488670
0.277042448960 0.647403714993 0.403483946558 0.086602302458 0.461996989675 0.935056389875 0.272332294686 0.964006417289 0.741816588878 0.996243831382
0.458804186303 0.569172204930 0.558687472460 0.662130347198 0.807486585400 0.724246711318 0.480037115209 0.948860720086 0.406557473961 0.657418396642
0.604390954041 0.252829314452 0.772965502217 0.989939897375 0.990385905230 0.188281253072 0.064984923498 0.976051708645 0.875127457148 0.333744097624
0.061654303998 0.373611130789 0.221476859135 0.403786808711 0.932877538776 0.749435883857 0.300160713427 0.274134640533 0.646519524278 0.752736383278
0.024963339960 0.817800051861 0.632687708200 0.445282262642 0.095874885908 0.115395543796 0.874339726612 0.932121245487 0.011523318625 0.296397094681
